15 0.2 22
3 13 0 0.341436 35.0761
3 13 1 -0.784041 16.708
3 13 2 -0.35961 22.7809
3 13 4 -1.14641 1.83441
9 0 1 0.798827 77.9111
9 0 2 1.1268 38.2642
9 0 3 0.694361 33.596
9 0 4 1.17885 84.885
6 12 0 0.94177 60.1278
6 12 1 0.829189 18.5967
6 12 2 1.11 22.6294
6 12 3 0.676351 25.0504
6 12 4 1.21347 23.5875
6 12 5 0.553345 61.7207
6 12 7 0.374039 21.6106
6 12 8 1.30366 59.7631
6 12 9 -0.0490096 54.9624
6 12 10 0.171595 28.5023
7 5 0 1.02713 26.4915
7 5 1 0.0891181 30.3324
7 5 2 0.606516 43.32
12 11 0 0.337634 59.1962
12 11 1 0.279285 19.8792
12 11 2 -0.14101 23.3762
12 11 3 0.749066 22.1719
12 11 4 -0.519833 21.6364
12 11 5 1.13278 57.5463
12 11 6 2.03214 8.31818
12 11 7 1.19322 26.6567
12 11 8 -0.399109 61.8446
12 11 9 2.3322 45.8278
12 11 10 1.78739 21.3995
12 11 13 1.82045 61.4622
12 11 14 2.58133 67.2244
0 4 1 0.876875 24.5555
14 13 0 2.87266 8.74135
14 13 1 3.61754 67.9429
14 13 2 3.77531 22.6558
14 13 3 2.67302 30.4037
14 13 4 4.63131 63.7547
14 13 5 1.89281 1.25986
14 13 6 1.32836 69.614
14 13 7 2.53278 81.3022
14 13 8 3.77103 16.7652
14 13 9 0.493207 19.0263
14 13 10 1.38176 38.8255
14 13 11 2.54778 53.8793
14 13 12 3.7977 46.4939
13 5 0 2.11166 6.08986
13 5 1 2.76531 71.5317
13 5 2 3.04676 26.5332
13 5 3 1.79773 32.7166
13 5 4 3.9072 68.778
13 5 6 0.204926 69.9747
13 5 7 1.52283 83.3429
13 5 8 3.13359 12.8361
13 5 9 -0.610192 18.2844
13 5 10 0.336106 39.3065
13 5 11 1.60331 55.9812
13 5 12 3.01636 50.3679
13 5 14 -1.11678 1.40905
9 6 0 -0.0188544 67.8914
9 6 1 1.39968 55.4248
9 6 2 0.673574 77.0855
9 6 3 0.59696 47.6549
9 6 4 1.51915 81.3316
9 6 5 -0.0770452 41.4953
9 6 7 1.41996 24.1974
9 6 8 0.0150687 92.5524
12 4 0 -1.9194 28.2412
12 4 1 0.348943 19.7083
12 4 2 -0.551416 18.2955
12 4 3 -1.18765 5.6338
12 4 5 -2.47162 6.50488
12 4 6 -1.29594 58.1172
12 4 7 -0.148476 47.7456
12 4 8 -1.43923 49.0815
12 4 9 -3.04498 32.0569
12 4 10 -1.94764 33.1532
12 4 11 -0.752865 26.0382
12 4 13 -3.0995 8.95108
12 4 14 -3.83443 25.1581
12 5 0 0.808391 23.086
12 5 1 -0.166961 18.7059
12 5 2 0.24621 16.769
3 13 0 0.341436 35.0761
3 13 1 -0.784041 16.708
3 13 2 -0.35961 22.7809
3 13 4 -1.14641 1.83441
8 3 0 0.344252 15.846
8 3 1 1.35085 40.4924
8 3 2 0.61012 20.5301
8 3 4 1.03782 60.8965
8 3 5 0.700036 33.7877
8 3 6 1.93697 9.61799
8 3 7 1.82343 23.2615
8 3 9 1.35706 54.439
8 3 10 1.44657 24.389
8 3 11 1.39461 9.38015
8 3 12 0.974218 33.3857
8 3 13 0.938062 53.0162
8 3 14 1.18279 75.2848
3 11 0 -1.6661 0.237147
3 11 1 1.426 29.5272
3 11 2 -0.490444 27.365
3 11 4 1.09771 55.0987
3 11 5 -1.2053 24.4807
3 11 6 1.84193 29.2868
3 11 7 2.1483 3.38665
3 11 8 -2.13724 21.8301
3 11 9 -0.145918 57.7888
3 11 10 0.547173 32.1463
3 11 12 0.502388 31.2226
3 11 13 -1.01767 47.3353
3 11 14 -0.866483 73.128
13 7 0 0.150639 47.6264
13 7 1 1.00504 31.244
13 7 2 0.576187 54.8897
13 7 3 0.513312 25.7087
13 7 4 1.09198 56.7869
13 7 5 0.100637 21.425
13 7 6 0.731553 23.0028
13 7 8 0.184942 72.1621
13 7 9 0.124358 20.2312
8 2 0 0.201862 23.4164
8 2 1 2.1485 4.23654
8 2 3 1.19448 28.7259
8 2 4 2.04416 22.1741
8 2 5 0.389813 48.9532
8 2 6 2.18662 63.8521
8 2 7 2.48536 32.5218
8 2 9 0.901798 85.4567
8 2 10 1.4057 62.3747
8 2 11 1.78975 32.0537
8 2 12 1.60474 0.515572
8 2 13 0.420104 72.2058
8 2 14 0.418235 98.2461
14 12 0 0.58546 39.7377
14 12 1 1.04466 21.4069
14 12 2 0.90236 21.3248
3 14 0 0.143565 37.9533
3 14 1 -0.494562 24.5556
3 14 2 -0.305476 18.5898
3 14 4 -0.790985 10.1507
3 14 5 0.411977 20.884
3 14 6 0.215819 49.9479
3 14 7 -0.224166 48.1048
3 14 8 -0.0963903 54.6703
14 6 0 0.327517 70.8806
14 6 1 1.32199 54.1275
14 6 2 0.823782 77.959
14 6 3 0.748725 48.8057
14 6 4 1.42486 79.6323
14 6 5 0.267643 44.7012
14 6 7 1.31419 22.886
14 6 8 0.368997 95.4011
6 4 0 0.527167 75.441
10 1 0 0.206567 59.9089
10 1 2 0.745261 42.3418
10 1 3 0.404121 22.5728
10 1 4 1.33393 15.5541
10 1 5 -0.0925966 41.8044
10 1 6 0.192458 28.1587
10 1 7 0.70369 24.5835
10 1 8 0.472851 77.5494
10 1 9 -0.453954 7.35833
12 13 0 0.578773 33.6026
12 13 1 -0.0877545 20.6047
12 13 2 0.154071 19.781
9 2 0 0.709901 30.3716
9 2 1 0.974478 45.4207
3 4 0 -0.280229 35.6063
3 4 1 0.675032 17.9545
3 4 2 0.324654 22.1954
3 4 5 -0.563484 15.3791
3 4 6 -0.128717 51.9809
3 4 7 0.407055 44.5961
3 4 8 -0.030991 55.126
3 4 9 -0.881846 21.5472
3 4 10 -0.38619 25.4527
3 4 11 0.166083 21.4319
7 11 0 3.28744 7.56753
7 11 1 0.501725 28.0545
7 11 2 2.15496 31.5176
7 11 3 1.85757 2.9267
7 11 4 0.668127 54.391
7 11 5 3.00143 17.839
7 11 6 0.409849 31.5268
7 11 8 3.59212 30.8447
7 11 9 2.2429 53.9927
7 11 10 1.53307 30.575
7 11 12 1.28616 32.44
7 11 13 2.94343 41.0679
7 11 14 2.92991 67.1056
10 1 0 0.206567 59.9089
10 1 2 0.745261 42.3418
10 1 3 0.404121 22.5728
10 1 4 1.33393 15.5541
10 1 5 -0.0925966 41.8044
10 1 6 0.192458 28.1587
10 1 7 0.70369 24.5835
10 1 8 0.472851 77.5494
10 1 9 -0.453954 7.35833
1 8 0 0.892485 22.9897
7 3 0 1.77243 2.38407
7 3 1 0.30074 27.2191
7 3 2 1.1917 28.0761
7 3 4 0.419626 53.2506
7 3 5 1.59041 22.5308
7 3 6 0.184477 32.1196
7 3 8 1.96208 25.1437
7 3 9 1.14278 57.4318
7 3 10 0.78823 32.9361
5 6 0 -0.172792 23.4648
5 6 1 0.810155 58.0297
5 6 2 0.185996 52.8562
5 6 3 0.371338 26.3235
5 6 4 0.679436 83.0281
5 6 7 1.07012 33.0835
5 6 8 -0.346968 44.7419
5 6 9 0.376677 31.5674
9 4 0 0.39926 49.4004
11 14 0 0.385052 53.9434
11 14 1 -0.356748 6.64419
11 14 2 -0.060024 44.3889
11 14 3 0.143535 20.2792
11 14 4 -0.565625 26.5374
11 14 5 0.561616 32.0505
11 14 6 0.172349 32.2323
11 14 7 -0.198725 21.5336
11 14 8 0.231759 74.9197
5 7 0 -0.02713 26.4915
5 7 1 0.910882 30.3324
5 7 2 0.393484 43.32
0 3 1 1.86035 29.3237
0 3 2 0.709805 27.4343
0 3 4 1.66721 54.9414
0 3 5 0.272876 24.3087
0 3 6 2.10104 29.5485
0 3 7 2.28989 3.08081
0 3 8 -0.279417 22.1339
0 3 9 0.903634 57.767
0 3 10 1.32352 32.2236
0 3 11 1.60018 0.142334
0 3 12 1.30627 31.1505
0 3 13 0.382013 47.1896
0 3 14 0.468829 73.0033
2 3 0 0.488075 36.4377
2 3 1 0.530354 42.6517
2 3 4 -0.363588 45.4877
2 3 5 1.3822 35.8641
2 3 6 2.48071 28.7306
2 3 7 1.56471 48.1881
2 3 8 -0.341906 38.088
2 3 9 2.74351 25.7766
2 3 10 2.1657 0.631842
2 3 11 1.31167 21.8145
2 3 12 0.19001 23.1663
2 3 13 2.1482 40.7064
2 3 14 2.99379 47.4925
5 12 0 0.191609 23.086
5 12 1 1.16696 18.7059
5 12 2 0.75379 16.769
0 6 1 0.674071 52.2712
0 6 2 0.195299 35.2481
9 5 0 1.62173 5.87234
9 5 1 1.13394 82.3101
9 5 2 1.74803 44.7378
9 5 3 1.05641 37.5476
9 5 4 1.73577 91.4896
9 5 6 -0.134268 54.7788
9 5 7 0.386449 80.245
9 5 8 2.20533 10.2388
9 5 10 0.253842 28.553
9 5 11 0.714372 56.4737
9 5 12 1.4823 65.8503
8 7 0 0.144619 19.7172
8 7 1 0.791597 22.6615
0 14 1 -0.13763 78.4173
0 14 2 -0.261603 33.9131
0 14 3 0.128887 38.2771
0 14 4 -0.492232 77.3214
13 1 0 0.294743 40.6175
13 1 2 0.698033 34.9747
14 6 0 0.327517 70.8806
14 6 1 1.32199 54.1275
14 6 2 0.823782 77.959
14 6 3 0.748725 48.8057
14 6 4 1.42486 79.6323
14 6 5 0.267643 44.7012
14 6 7 1.31419 22.886
14 6 8 0.368997 95.4011
8 12 0 0.122766 23.4805
8 12 1 1.33821 4.92665
4 9 0 0.60074 49.4004
2 7 0 -0.240909 35.7479
2 7 1 0.621638 18.2796
2 7 3 0.308302 21.39
2 7 4 0.376495 39.3708
2 7 5 0.0409148 54.4749
2 7 6 1.07341 33.1075
2 7 8 -0.514519 19.1407
2 7 9 0.568958 76.5869
2 7 10 0.660903 46.7632
7 13 0 0.849361 47.6264
7 13 1 -0.00503946 31.244
7 13 2 0.423813 54.8897
7 13 3 0.486688 25.7087
7 13 4 -0.0919787 56.7869
7 13 5 0.899363 21.425
7 13 6 0.268447 23.0028
7 13 8 0.815058 72.1621
7 13 9 0.875642 20.2312
10 13 0 0.909486 49.4091
10 13 1 -1.06414 49.1789
10 13 2 0.00509154 64.3921
10 13 3 -0.00453839 34.6632
10 13 4 -1.12629 75.7916
10 13 5 0.886564 22.8351
10 13 6 -0.735604 8.98378
10 13 7 -1.21224 18.5004
10 13 8 0.95865 74.0622
10 13 9 0.621779 17.504
10 13 11 -0.551795 25.6808
10 13 12 -0.574721 59.044
10 13 14 1.16116 25.2266
12 5 0 0.808391 23.086
12 5 1 -0.166961 18.7059
12 5 2 0.24621 16.769
0 2 1 1.86156 30.4297
0 2 3 0.719533 27.6216
0 2 4 2.17945 6.78689
0 2 5 -0.237185 24.9095
0 2 6 0.984791 79.1511
0 2 7 1.7026 61.0488
0 2 8 0.193693 23.536
0 2 9 -0.380041 66.2431
0 2 10 0.377626 59.5863
0 2 11 1.14885 44.3014
0 2 12 1.49546 13.8196
0 2 13 -0.566724 44.276
0 2 14 -0.964628 65.1218
6 1 0 0.710898 77.1977
6 1 2 1.09015 45.1542
6 1 3 0.605361 38.2137
6 1 4 1.44447 3.44681
6 1 5 0.279683 70.4342
12 0 1 -0.295148 12.8745
1 13 0 0.705257 40.6175
1 13 2 0.301967 34.9747
6 9 0 1.01885 67.8914
6 9 1 -0.399684 55.4248
6 9 2 0.326426 77.0855
6 9 3 0.40304 47.6549
6 9 4 -0.519154 81.3316
6 9 5 1.07705 41.4953
6 9 7 -0.419964 24.1974
6 9 8 0.984931 92.5524
9 12 0 0.560003 45.2946
9 12 1 1.02273 21.8599
9 12 2 0.913601 22.5319
11 2 0 1.11467 38.8848
11 2 1 0.226047 29.5258
13 6 0 -0.0389383 49.4668
13 6 1 1.07997 59.3701
13 6 2 0.446233 68.9691
13 6 3 0.505984 39.5345
13 6 4 1.06659 86.0827
13 6 5 0.0225834 23.2293
13 6 7 1.21992 29.7046
13 6 8 -0.111823 73.6644
13 6 9 0.24631 15.4182
9 3 0 0.955163 39.4034
9 3 1 1.544 31.9734
9 3 2 1.45985 13.238
9 3 4 1.97689 22.6787
9 3 5 0.548411 27.0533
9 3 6 0.540065 45.3271
9 3 7 1.11094 50.6236
9 3 8 1.32414 51.8683
6 10 0 2.59864 36.6384
6 10 1 0.141421 59.475
6 10 2 1.61535 61.5363
6 10 3 1.3222 33.2109
6 10 4 0.315816 85.6581
6 10 5 2.31879 11.4862
6 10 7 -0.332948 31.8589
6 10 8 2.89296 59.6465
6 10 9 1.60789 24.0078
6 10 11 0.556498 31.0119
6 10 12 0.843527 63.1941
6 10 13 2.24392 11.6824
6 10 14 2.2058 37.6963
11 6 0 -0.998455 52.3535
11 6 1 -0.528134 24.9699
11 6 2 -1.1994 13.7844
11 6 3 -0.376575 19.5867
11 6 4 -1.24807 32.9382
11 6 5 -0.259587 56.9788
11 6 7 0.353447 24.3983
11 6 8 -1.69047 49.1562
11 6 9 0.916073 54.9839
11 6 10 0.579108 26.9701
11 6 12 -0.91548 7.83398
11 6 13 0.344025 66.1726
11 6 14 1.00243 77.7345
12 6 0 0.05823 60.1278
12 6 1 0.170811 18.5967
12 6 2 -0.110005 22.6294
12 6 3 0.323649 25.0504
12 6 4 -0.213471 23.5875
12 6 5 0.446655 61.7207
12 6 7 0.625961 21.6106
12 6 8 -0.30366 59.7631
12 6 9 1.04901 54.9624
12 6 10 0.828405 28.5023
0 11 1 1.16154 29.4891
0 11 2 0.442597 27.4973
2 9 0 0.290099 30.3716
2 9 1 0.0255225 45.4207
4 1 0 1.26718 78.7764
4 1 2 0.582709 44.084
4 1 3 1.68876 40.9294
4 1 5 2.25386 75.3854
4 1 6 3.21245 7.69009
4 1 7 2.12207 8.76812
4 1 8 0.355736 83.0355
4 1 9 3.71948 61.0606
4 1 10 2.98058 37.8805
4 1 11 1.94688 18.2549
4 1 12 0.70091 20.449
4 1 13 3.12031 77.784
4 1 14 4.08251 81.8643
3 1 0 -0.666095 25.8017
3 1 2 0.206116 28.2558
3 1 4 1.24431 24.3767
3 1 5 -0.838241 0.358919
3 1 6 0.303204 50.7775
3 1 7 0.904043 30.9491
3 1 8 -0.529967 49.7669
3 1 9 -0.905214 41.2443
3 1 10 -0.253649 32.7411
3 1 11 0.397707 15.5935
3 1 12 0.657526 15.6792
3 1 13 -1.09867 19.7783
3 1 14 -1.41666 41.5598
4 8 0 0.982533 24.6885
4 8 1 0.0363839 26.5555
6 3 0 1.62128 22.1962
6 3 1 0.779016 43.3496
6 3 2 1.47363 16.2491
6 3 4 1.17293 60.2503
6 3 5 1.19183 36.2445
6 3 7 0.231555 31.1787
6 3 8 2.03154 10.0917
6 3 9 0.442208 49.9167
6 3 10 0.45446 19.4706
2 13 0 0.420145 22.9283
2 13 1 -0.127103 44.4425
2 13 3 0.331037 15.9795
2 13 4 -0.443156 32.5492
9 5 0 1.62173 5.87234
9 5 1 1.13394 82.3101
9 5 2 1.74803 44.7378
9 5 3 1.05641 37.5476
9 5 4 1.73577 91.4896
9 5 6 -0.134268 54.7788
9 5 7 0.386449 80.245
9 5 8 2.20533 10.2388
9 5 10 0.253842 28.553
9 5 11 0.714372 56.4737
9 5 12 1.4823 65.8503
9 11 0 0.575716 57.0872
9 11 1 1.48577 3.42142
9 11 2 1.15255 43.6098
9 11 3 0.84212 21.4501
9 11 4 1.79638 21.3401
9 11 5 0.304845 36.8913
9 11 6 0.71782 30.5165
9 11 7 1.22929 23.1907
9 11 8 0.814106 76.5795
13 1 0 0.294743 40.6175
13 1 2 0.698033 34.9747
9 13 0 2.51049 35.0874
9 13 1 0.266701 94.731
9 13 2 1.97488 72.2959
9 13 3 0.993422 53.126
9 13 4 1.0651 114.036
9 13 5 1.61696 18.3855
9 13 6 -1.25986 46.7018
9 13 7 -0.902648 79.1343
9 13 8 3.37103 49.7367
9 13 10 -0.133074 30.2966
9 13 11 0.0800952 63.8258
9 13 12 1.14332 86.3612
9 13 14 0.359046 21.397
6 4 0 0.527167 75.441
7 8 0 0.855381 19.7172
7 8 1 0.208403 22.6615
11 8 0 0.781523 18.0279
11 8 1 -0.0176784 31.1757
11 8 2 0.536856 16.3057
14 7 0 0.385313 63.6006
14 7 1 1.07089 30.3533
14 7 2 0.759668 62.0747
14 7 3 0.644409 34.9019
14 7 4 1.19868 53.4932
14 7 5 0.287265 39.0718
14 7 6 0.72456 16.9933
14 7 8 0.46657 86.8232
1 14 0 0.521663 50.8485
1 14 2 0.199397 39.1337
1 14 3 0.360814 16.0586
1 14 4 -0.163249 18.8394
1 14 5 0.662158 29.8547
1 14 6 0.407845 36.226
1 14 7 0.129968 27.3591
1 14 8 0.398716 71.041
3 13 0 0.341436 35.0761
3 13 1 -0.784041 16.708
3 13 2 -0.35961 22.7809
3 13 4 -1.14641 1.83441
5 2 0 0.360294 17.9118
5 2 1 1.29636 42.5031
5 2 3 0.589311 19.5493
5 2 4 1.69768 27.1639
5 2 6 0.327548 70.1425
5 2 7 0.938301 66.8953
5 2 8 0.681264 35.3806
5 2 9 -0.437467 34.2127
5 2 10 0.102954 41.8618
5 2 11 0.724288 42.0778
5 2 12 1.20124 21.1688
5 2 13 -0.372961 11.3263
5 2 14 -0.802042 22.7442
11 8 0 0.781523 18.0279
11 8 1 -0.0176784 31.1757
11 8 2 0.536856 16.3057
12 5 0 0.808391 23.086
12 5 1 -0.166961 18.7059
12 5 2 0.24621 16.769
0 12 1 1.29515 12.8745
1 7 0 -0.488052 77.6154
1 7 2 -0.738489 39.183
1 7 3 0.197944 44.4509
1 7 4 -0.821036 7.50028
1 7 5 0.352492 81.761
1 7 6 1.74744 23.9751
1 7 8 -1.27463 74.8673
1 7 9 1.68446 79.0042
1 7 10 1.28596 51.2135
1 7 11 0.613494 24.6234
1 7 12 -0.429197 17.3842
1 7 13 1.04234 90.5618
1 7 14 1.7957 101.695
7 4 0 0.626473 83.0261
8 11 0 0.218477 18.0279
8 11 1 1.01768 31.1757
8 11 2 0.463144 16.3057
6 0 1 0.325929 52.2712
6 0 2 0.804701 35.2481
1 0 2 0.542316 15.0884
0 14 1 -0.13763 78.4173
0 14 2 -0.261603 33.9131
0 14 3 0.128887 38.2771
0 14 4 -0.492232 77.3214
5 6 0 -0.172792 23.4648
5 6 1 0.810155 58.0297
5 6 2 0.185996 52.8562
5 6 3 0.371338 26.3235
5 6 4 0.679436 83.0281
5 6 7 1.07012 33.0835
5 6 8 -0.346968 44.7419
5 6 9 0.376677 31.5674
12 13 0 0.578773 33.6026
12 13 1 -0.0877545 20.6047
12 13 2 0.154071 19.781
14 10 0 0.839451 60.8084
14 10 1 2.15106 22.9105
14 10 2 1.57632 56.707
14 10 3 1.31509 30.3872
14 10 4 2.43201 45.1199
14 10 5 0.615468 37.0083
14 10 6 1.40875 21.9477
14 10 7 1.97344 6.88869
14 10 8 1.02867 83.4209
4 0 1 0.123125 24.5555
1 12 0 3.22318 35.3344
1 12 2 2.05497 5.66312
1 12 3 1.43089 32.0488
1 12 4 0.443258 24.8943
1 12 5 2.64199 58.6622
1 12 6 -0.654479 57.8773
1 12 7 -0.869303 24.7407
1 12 8 3.80786 14.1953
1 12 9 1.3847 89.9321
1 12 10 0.728942 63.0978
1 12 11 0.354641 30.2187
1 12 13 2.35968 81.1052
1 12 14 2.10626 106.544
0 4 1 0.876875 24.5555
0 14 1 -0.13763 78.4173
0 14 2 -0.261603 33.9131
0 14 3 0.128887 38.2771
0 14 4 -0.492232 77.3214
14 3 0 0.856435 37.9533
14 3 1 1.49456 24.5556
14 3 2 1.30548 18.5898
14 3 4 1.79099 10.1507
14 3 5 0.588023 20.884
14 3 6 0.784181 49.9479
14 3 7 1.22417 48.1048
14 3 8 1.09639 54.6703
4 7 0 0.373527 83.0261
10 9 0 0.0468767 61.3828
10 9 1 -2.07425 15.7291
10 9 2 -1.2099 52.8094
10 9 3 -0.659144 28.2604
10 9 4 -2.64349 36.0747
10 9 5 0.523767 39.1092
10 9 6 -0.622632 24.2971
10 9 7 -1.65469 12.7866
10 9 8 -0.365495 82.689
10 9 11 -1.07897 8.30328
10 9 12 -1.73338 35.0763
10 9 13 1.07694 23.0364
10 9 14 1.72664 6.10609
0 6 1 0.674071 52.2712
0 6 2 0.195299 35.2481
2 6 0 0.00373418 39.2198
2 6 1 0.381212 34.0194
8 0 1 1.26409 78.8293
8 0 2 0.512869 37.3248
8 0 3 1.71235 35.341
8 0 4 0.199475 83.4324
8 0 5 2.07404 1.20142
8 0 6 3.56595 61.07
8 0 7 2.51972 82.3014
8 0 9 3.73411 6.163
8 0 10 3.10888 32.398
8 0 11 2.14505 56.4886
8 0 12 0.803285 60.0626
8 0 13 2.97977 7.55256
8 0 14 3.97574 16.001
vertex[0] = (84.0801,73.9414)
vertex[1] = (5.21963,67.7976)
vertex[2] = (46.815,86.1723)
vertex[3] = (48.6529,56.4977)
vertex[4] = (0.746023,94.1496)
vertex[5] = (85.1509,47.3731)
vertex[6] = (22.6988,10.7822)
vertex[7] = (1.59489,36.7612)
vertex[8] = (84.2017,98.6728)
vertex[9] = (77.5848,6.35344)
vertex[10] = (51.4261,21.9452)
vertex[11] = (27.453,45.9006)
vertex[12] = (24.0422,79.1017)
vertex[13] = (91.3919,24.9418)
vertex[14] = (99.7191,0.268827)
edge[0] = 0-3, 39.4888
edge[1] = 0-2, 39.221
edge[2] = 0-8, 24.7316
edge[3] = 1-4, 26.7291
edge[4] = 1-3, 44.8792
edge[5] = 1-7, 31.2473
edge[6] = 1-12, 21.9561
edge[7] = 2-8, 39.4211
edge[8] = 2-3, 29.7314
edge[9] = 2-5, 54.5438
edge[10] = 3-8, 55.1584
edge[11] = 3-11, 23.701
edge[12] = 4-12, 27.7335
edge[13] = 5-13, 23.2833
edge[14] = 6-10, 30.8199
edge[15] = 6-11, 35.4387
edge[16] = 7-11, 27.4257
edge[17] = 9-13, 23.1552
edge[18] = 9-10, 30.4529
edge[19] = 10-13, 40.078
edge[20] = 11-12, 33.3758
edge[21] = 13-14, 26.0404
Number of edges = 22
